每幅图像的标定误差：
第1幅图像的平均误差：0.0773766像素
第2幅图像的平均误差：0.0754902像素
第3幅图像的平均误差：0.0804317像素
第4幅图像的平均误差：0.0980643像素
第5幅图像的平均误差：0.0918788像素
第6幅图像的平均误差：0.0746451像素
第7幅图像的平均误差：0.096364像素
第8幅图像的平均误差：0.0964202像素
第9幅图像的平均误差：0.103699像素
第10幅图像的平均误差：0.0938378像素
第11幅图像的平均误差：0.134151像素
第12幅图像的平均误差：0.0967834像素
第13幅图像的平均误差：0.117459像素
第14幅图像的平均误差：0.110319像素
总体平均误差：0.0962086像素

相机内参数矩阵：
[1457.126340841895, 0, 351.5210068021104;
 0, 1451.390545264328, 201.0106276612957;
 0, 0, 1]

畸变系数：
[0.7619025695479594, -75.17478654554412, -0.02239622847229299, -0.004350321952298851, 1685.805678577204]


第1幅图像的旋转向量：
[15.13844675240455;
 -23.43440931737061;
 299.7646046364559]
第1幅图像的旋转矩阵：
[0.8617232346240911, 0.5052450554821918, 0.04648118780528876;
 -0.5063302503313699, 0.8622126650673848, 0.0147985741465124;
 -0.03259976239738366, -0.0362871066385084, 0.99880954209671]
第1幅图像的平移向量：
[0.2137121308597868;
 2.396488593535092;
 0.6317116373192196]

第2幅图像的旋转向量：
[27.10008771189952;
 -2.819005818959385;
 291.9715120211656]
第2幅图像的旋转矩阵：
[-0.4658029616551367, 0.8730136076656, 0.1444812850994802;
 -0.8756405516867164, -0.4782931969234344, 0.06700180608419333;
 0.1275979041955091, -0.09530403248265419, 0.9872365047127558]
第2幅图像的平移向量：
[0.1752602948085121;
 3.033930463995793;
 -0.780862279137009]

第3幅图像的旋转向量：
[15.45302243403915;
 -8.924631217013776;
 261.5142320387803]
第3幅图像的旋转矩阵：
[-0.1951024166829965, 0.9752637855077263, 0.1039018560064933;
 -0.9800781911188886, -0.1978802554901552, 0.01703360737713213;
 0.03717238622394045, -0.09850864512463139, 0.9944416828241505]
第3幅图像的平移向量：
[-0.2967291109114905;
 -2.213848982150843;
 -0.3161454672571041]

第4幅图像的旋转向量：
[18.40833771718025;
 1.887857507934252;
 268.4901198532897]
第4幅图像的旋转矩阵：
[0.5000024556912278, 0.8655648965593257, 0.02819493122860275;
 -0.8650828338214409, 0.4976768981949698, 0.06284421716036233;
 0.04036378240708931, -0.05581321391281428, 0.9976250048101818]
第4幅图像的平移向量：
[-0.2623037454304771;
 -2.572510373709876;
 -0.6005638803706529]

第5幅图像的旋转向量：
[27.81044024780886;
 -15.96097370424011;
 286.8260588953705]
第5幅图像的旋转矩阵：
[0.9164223474835094, 0.3990631156513612, 0.030310241824216;
 -0.3999622145214966, 0.9158970569367774, 0.03409997140189396;
 -0.01415302045057933, -0.04337292728393971, 0.9989586984410054]
第5幅图像的平移向量：
[-0.3174429922098242;
 -2.770776582280264;
 -0.9165911333514641]

第6幅图像的旋转向量：
[19.00317022599848;
 -17.85812358658981;
 293.9261505970796]
第6幅图像的旋转矩阵：
[0.9739983182595062, 0.2260302706420476, 0.0154140449310463;
 -0.2262337951178458, 0.9739856616168808, 0.01304610713214668;
 -0.0120642436244532, -0.01619406428941182, 0.9997960823625787]
第6幅图像的平移向量：
[-0.3004055856619375;
 -2.750548214000117;
 -1.072114045401923]

第7幅图像的旋转向量：
[24.32279275655597;
 6.883889003418576;
 283.6569935123965]
第7幅图像的旋转矩阵：
[-0.4396015248488054, -0.8864191526203263, 0.1449537347517054;
 0.8924070851388674, -0.4493327243480711, -0.04134848514626143;
 0.1017845457058947, 0.1111808827892772, 0.9885740829890504]
第7幅图像的平移向量：
[0.05972949923154552;
 2.906295817039253;
 0.7843459211756884]

第8幅图像的旋转向量：
[28.33810312743575;
 -21.50344426488006;
 288.9250151525154]
第8幅图像的旋转矩阵：
[-0.4735381273637131, -0.8772016094499053, 0.07924000448866292;
 0.8558071711364827, -0.4795181172430453, -0.1940527275434589;
 0.2082203826820002, -0.02407720112846554, 0.9777855391759382]
第8幅图像的平移向量：
[-0.05983121200914551;
 -2.75529186498425;
 1.155818145100048]

第9幅图像的旋转向量：
[-20.15381346683698;
 -18.79927351031153;
 295.9139813484605]
第9幅图像的旋转矩阵：
[-0.3030041306561098, -0.9413407437889308, -0.148546628666683;
 0.9525711078171136, -0.3037861171249642, -0.01795214734270799;
 -0.0282273158024623, -0.1469408014305073, 0.9887424434692524]
第9幅图像的平移向量：
[-2.069678732674774;
 -2.17344212406606;
 -0.09214612561186183]

第10幅图像的旋转向量：
[-29.51661596573249;
 -16.33135519376079;
 292.0248803799455]
第10幅图像的旋转矩阵：
[0.2337155120401569, 0.9720307619000542, -0.02309236566070363;
 -0.9633947556077019, 0.2283004553089495, -0.1405327256310883;
 -0.1313301347725787, 0.05509174190136596, 0.989806696115403]
第10幅图像的平移向量：
[-1.91435673158311;
 -1.955487745435134;
 0.2563342690858721]

第11幅图像的旋转向量：
[21.03634598237336;
 -9.52652265957005;
 283.7881265989236]
第11幅图像的旋转矩阵：
[-0.3928162327457014, -0.9167570228450703, 0.0724704654029345;
 0.9098331201208065, -0.3988930898526477, -0.1144027814305459;
 0.1337875211770986, 0.02099676003698192, 0.9907875833120015]
第11幅图像的平移向量：
[-0.09886499725642625;
 -3.064815895970272;
 -0.425440470819036]

第12幅图像的旋转向量：
[6.99152303129097;
 -22.51727435552744;
 277.5009911113568]
第12幅图像的旋转矩阵：
[-0.4518587409074134, -0.8913728935828633, -0.03574972519168203;
 0.8854754636744036, -0.4432775153704845, -0.1394211160390355;
 0.1084291542721207, -0.09465415443964209, 0.9895876462199544]
第12幅图像的平移向量：
[-0.4484535089635833;
 -2.812092069699964;
 -0.4864264031946078]

第13幅图像的旋转向量：
[7.249658321554676;
 -17.55191852977571;
 283.834032992945]
第13幅图像的旋转矩阵：
[-0.153104175612808, -0.9877038616843419, -0.03162582842805432;
 0.9840751358773783, -0.1494608848466174, -0.0962162712267807;
 0.09030635834669502, -0.04585330429428683, 0.9948578974544323]
第13幅图像的平移向量：
[-0.4894717840158323;
 -2.907454538958799;
 -0.3867559276585352]

第14幅图像的旋转向量：
[-33.55354430328205;
 3.405437512753421;
 310.9374806095586]
第14幅图像的旋转矩阵：
[0.1813826690143229, 0.9784113350526885, -0.09905345436508689;
 -0.9803460812740482, 0.1719493887619544, -0.0967210868167199;
 -0.07760082674725707, 0.1146501947002534, 0.9903703572620377]
第14幅图像的平移向量：
[-2.702884274872117;
 -0.8115774454985426;
 0.2841183082668456]


